s# Blender v2.82 (sub 7) OBJ File: 'tree.blend'
# www.blender.org
o Cylinder
v -0.000000 1.000000 -2.000000
v 1.175570 1.083289 -1.618034
v 1.902113 1.000000 -0.618034
v 1.902113 1.083289 0.618034
v 0.000000 4.605640 0.000000
v 1.175570 1.000000 1.618034
v -0.000000 1.083289 2.000000
v -1.175571 1.000000 1.618034
v -1.902113 1.083289 0.618034
v -1.902113 1.000000 -0.618034
v -1.175570 1.083289 -1.618034
v -0.000000 1.684229 -1.666667
v -0.000000 2.201880 -1.333333
v -0.000000 2.886110 -1.000000
v -0.000000 3.403760 -0.666667
v -0.000000 4.087990 -0.333333
v 0.195928 4.004700 -0.269672
v 0.391857 3.487050 -0.539345
v 0.587785 2.802820 -0.809017
v 0.783714 2.285169 -1.078689
v 0.979642 1.600940 -1.348362
v 0.317019 4.087990 -0.103006
v 0.634038 3.403760 -0.206011
v 0.951056 2.886110 -0.309017
v 1.268075 2.201880 -0.412023
v 1.585094 1.684229 -0.515028
v 0.317019 4.004700 0.103006
v 0.634038 3.487050 0.206011
v 0.951056 2.802820 0.309017
v 1.268075 2.285169 0.412023
v 1.585094 1.600940 0.515028
v 0.195928 4.087990 0.269672
v 0.391857 3.403760 0.539345
v 0.587785 2.886110 0.809017
v 0.783714 2.201880 1.078689
v 0.979642 1.684229 1.348362
v -0.000000 4.004700 0.333333
v -0.000000 3.487050 0.666667
v -0.000000 2.802820 1.000000
v -0.000000 2.285169 1.333333
v -0.000000 1.600940 1.666667
v -0.195928 4.087990 0.269672
v -0.391857 3.403760 0.539345
v -0.587785 2.886110 0.809017
v -0.783714 2.201880 1.078689
v -0.979642 1.684229 1.348362
v -0.317019 4.004700 0.103006
v -0.634038 3.487050 0.206011
v -0.951056 2.802820 0.309017
v -1.268075 2.285169 0.412023
v -1.585094 1.600940 0.515028
v -0.317019 4.087990 -0.103006
v -0.634038 3.403760 -0.206011
v -0.951056 2.886110 -0.309017
v -1.268075 2.201880 -0.412023
v -1.585094 1.684229 -0.515029
v -0.195928 4.004700 -0.269672
v -0.391857 3.487050 -0.539345
v -0.587785 2.802820 -0.809017
v -0.783713 2.285169 -1.078690
v -0.979642 1.600940 -1.348362
v 0.489821 1.749760 -0.674181
v 0.792547 1.749760 -0.257514
v 0.792547 1.749760 0.257514
v 0.489821 1.749760 0.674181
v -0.000000 1.749760 0.833333
v -0.489821 1.749760 0.674181
v -0.792547 1.749760 0.257514
v -0.792547 1.749760 -0.257514
v -0.489821 1.749760 -0.674181
v -0.000000 1.749760 -0.833333
v -0.000000 2.350700 -0.666667
v 0.391857 2.350700 -0.539345
v 0.634038 2.350700 -0.206011
v 0.634038 2.350700 0.206011
v 0.391857 2.350700 0.539345
v -0.000000 2.350700 0.666667
v -0.391857 2.350700 0.539345
v -0.634038 2.350700 0.206011
v -0.634038 2.350700 -0.206011
v -0.391857 2.350700 -0.539345
v 0.000000 2.951641 -0.500000
v 0.293893 2.951641 -0.404509
v 0.475528 2.951641 -0.154509
v 0.475528 2.951641 0.154509
v 0.293893 2.951641 0.404509
v -0.000000 2.951641 0.500000
v -0.293893 2.951641 0.404508
v -0.475528 2.951641 0.154509
v -0.475528 2.951641 -0.154509
v -0.293892 2.951641 -0.404509
v -0.000000 3.545904 -0.335185
v 0.197017 3.545904 -0.271170
v 0.318780 3.545904 -0.103578
v 0.318780 3.545904 0.103578
v 0.197017 3.545904 0.271171
v -0.000000 3.545904 0.335185
v -0.197017 3.545904 0.271170
v -0.318780 3.545904 0.103578
v -0.318780 3.545904 -0.103578
v -0.197017 3.545904 -0.271171
v 0.097964 4.153521 -0.134836
v 0.097964 4.153521 0.134836
v -0.097964 4.153521 0.134836
v -0.097964 4.153521 -0.134836
v 0.000000 0.085163 -0.414837
v 0.000000 1.435076 -0.187894
v 0.243835 0.085163 -0.335610
v 0.110441 1.435076 -0.152009
v 0.394533 0.085163 -0.128192
v 0.178698 1.435076 -0.058062
v 0.394533 0.085163 0.128192
v 0.178698 1.435076 0.058062
v 0.243835 0.085163 0.335610
v 0.110441 1.435076 0.152009
v -0.000000 0.085163 0.414837
v -0.000000 1.435076 0.187894
v -0.243835 0.085163 0.335610
v -0.110441 1.435076 0.152009
v -0.394533 0.085163 0.128192
v -0.178698 1.435076 0.058062
v -0.394533 0.085163 -0.128192
v -0.178698 1.435076 -0.058062
v -0.243835 0.085163 -0.335610
v -0.110441 1.435076 -0.152009
v 0.000000 0.437753 -0.235590
v 0.138476 0.437753 -0.190596
v 0.224059 0.437753 -0.072801
v 0.224059 0.437753 0.072801
v 0.138476 0.437753 0.190596
v -0.000000 0.437753 0.235590
v -0.138476 0.437753 0.190596
v -0.224059 0.437753 0.072801
v -0.224059 0.437753 -0.072801
v -0.138476 0.437753 -0.190596
s 1
f 16 5 17
f 17 5 22
f 22 5 27
f 27 5 32
f 32 5 37
f 37 5 42
f 42 5 47
f 47 5 52
f 52 5 57
f 57 5 16
f 4 7 9
f 70 12 71
f 60 72 81
f 91 14 82
f 58 92 101
f 105 57 16
f 56 70 69
f 80 60 81
f 54 91 90
f 100 58 101
f 105 52 57
f 68 56 69
f 50 80 79
f 89 54 90
f 48 100 99
f 104 52 105
f 46 68 67
f 78 50 79
f 44 89 88
f 98 48 99
f 104 42 47
f 66 46 67
f 40 78 77
f 87 44 88
f 38 98 97
f 104 37 42
f 36 66 65
f 76 40 77
f 34 87 86
f 96 38 97
f 103 37 104
f 64 36 65
f 30 76 75
f 85 34 86
f 28 96 95
f 103 27 32
f 26 64 63
f 74 30 75
f 24 85 84
f 94 28 95
f 22 103 102
f 62 26 63
f 20 74 73
f 83 24 84
f 18 94 93
f 102 17 22
f 12 62 71
f 72 20 73
f 14 83 82
f 92 18 93
f 16 102 105
f 71 2 1
f 2 63 3
f 63 4 3
f 4 65 6
f 65 7 6
f 7 67 8
f 67 9 8
f 9 69 10
f 69 11 10
f 11 71 1
f 12 73 21
f 73 26 21
f 26 75 31
f 75 36 31
f 36 77 41
f 77 46 41
f 46 79 51
f 79 56 51
f 56 81 61
f 81 12 61
f 82 20 13
f 20 84 25
f 84 30 25
f 30 86 35
f 86 40 35
f 40 88 45
f 88 50 45
f 50 90 55
f 90 60 55
f 60 82 13
f 14 93 19
f 93 24 19
f 24 95 29
f 95 34 29
f 34 97 39
f 97 44 39
f 44 99 49
f 99 54 49
f 54 101 59
f 101 14 59
f 15 102 18
f 18 102 23
f 102 28 23
f 28 103 33
f 103 38 33
f 38 104 43
f 43 104 48
f 48 105 53
f 53 105 58
f 58 105 15
f 107 127 126
f 109 128 127
f 111 129 128
f 113 130 129
f 115 131 130
f 117 132 131
f 119 133 132
f 121 134 133
f 119 115 111
f 123 135 134
f 125 126 135
f 112 120 124
f 135 106 124
f 122 135 124
f 133 122 120
f 132 120 118
f 131 118 116
f 130 116 114
f 112 130 114
f 128 112 110
f 127 110 108
f 126 108 106
f 11 1 2
f 2 3 4
f 4 6 7
f 7 8 9
f 9 10 11
f 11 2 9
f 2 4 9
f 70 61 12
f 60 13 72
f 91 59 14
f 58 15 92
f 56 61 70
f 80 55 60
f 54 59 91
f 100 53 58
f 68 51 56
f 50 55 80
f 89 49 54
f 48 53 100
f 104 47 52
f 46 51 68
f 78 45 50
f 44 49 89
f 98 43 48
f 66 41 46
f 40 45 78
f 87 39 44
f 38 43 98
f 36 41 66
f 76 35 40
f 34 39 87
f 96 33 38
f 103 32 37
f 64 31 36
f 30 35 76
f 85 29 34
f 28 33 96
f 26 31 64
f 74 25 30
f 24 29 85
f 94 23 28
f 22 27 103
f 62 21 26
f 20 25 74
f 83 19 24
f 18 23 94
f 12 21 62
f 72 13 20
f 14 19 83
f 92 15 18
f 16 17 102
f 71 62 2
f 2 62 63
f 63 64 4
f 4 64 65
f 65 66 7
f 7 66 67
f 67 68 9
f 9 68 69
f 69 70 11
f 11 70 71
f 12 72 73
f 73 74 26
f 26 74 75
f 75 76 36
f 36 76 77
f 77 78 46
f 46 78 79
f 79 80 56
f 56 80 81
f 81 72 12
f 82 83 20
f 20 83 84
f 84 85 30
f 30 85 86
f 86 87 40
f 40 87 88
f 88 89 50
f 50 89 90
f 90 91 60
f 60 91 82
f 14 92 93
f 93 94 24
f 24 94 95
f 95 96 34
f 34 96 97
f 97 98 44
f 44 98 99
f 99 100 54
f 54 100 101
f 101 92 14
f 15 105 102
f 102 103 28
f 103 104 38
f 48 104 105
f 107 109 127
f 109 111 128
f 111 113 129
f 113 115 130
f 115 117 131
f 117 119 132
f 119 121 133
f 121 123 134
f 111 109 107
f 107 125 123
f 123 121 119
f 119 117 115
f 115 113 111
f 111 107 123
f 123 119 111
f 123 125 135
f 125 107 126
f 124 106 112
f 106 108 112
f 108 110 112
f 112 114 116
f 116 118 120
f 120 122 124
f 112 116 120
f 135 126 106
f 122 134 135
f 133 134 122
f 132 133 120
f 131 132 118
f 130 131 116
f 112 129 130
f 128 129 112
f 127 128 110
f 126 127 108
